strip_0.png: -27.718501628183358
strip_1.png: -28.30075576600638
strip_2.png: -46.548157698977974
strip_3.png: -49.945966547104156
strip_4.png: -45.960174566666346
strip_5.png: -30.08650455400023
