strip_0.png: -48.65222278030633
strip_1.png: -38.60341478852779
strip_10.png: -37.99873244250467
strip_11.png: -40.123093713356255
strip_12.png: -28.635081830119088
strip_13.png: -27.98745319075597
strip_14.png: -39.77297963985709
strip_15.png: -38.98146539141869
strip_16.png: -51.063625368511744
strip_17.png: -25.57240185048959
strip_18.png: -45.57872556560776
strip_19.png: -35.706691400602885
strip_2.png: -29.51149855709032
strip_20.png: 0.0
strip_21.png: -31.733519153416296
strip_22.png: -15.468339652091126
strip_23.png: -7.4502490686561815
strip_24.png: -13.907777809854698
strip_25.png: -14.56576424655659
strip_26.png: -8.078344663164005
strip_27.png: 74.3991621933845
strip_28.png: 94.2006222046354
strip_29.png: -0.35150343987335203
strip_3.png: -34.10645394196282
strip_30.png: 30.350095894187035
strip_31.png: -2.7591076586202736
strip_32.png: 0.0
strip_33.png: 54.54038180484263
strip_34.png: 49.001826580109814
strip_35.png: 51.609943893629975
strip_36.png: 101.30993247402021
strip_37.png: 113.7105619193482
strip_38.png: 103.42580924971469
strip_39.png: 115.10456866523435
strip_4.png: 132.42926288930948
strip_40.png: 21.356772673404784
strip_41.png: 8.042894233505312
strip_42.png: 8.82637095422792
strip_43.png: 13.698717007084458
strip_44.png: 9.34467190209969
strip_45.png: 9.34467190209969
strip_46.png: 13.509803953281388
strip_47.png: 5.35582504285519
strip_48.png: 5.35582504285519
strip_49.png: -32.29061186374423
strip_5.png: 137.16691468318666
strip_50.png: -6.532136687852445
strip_51.png: 52.280289083993715
strip_52.png: 115.54505604400184
strip_53.png: -45.53545898556454
strip_54.png: 131.52476722326992
strip_55.png: -52.67122148326199
strip_56.png: -51.59060876814888
strip_57.png: 13.768090451483015
strip_58.png: 13.260859204184845
strip_59.png: 121.0226422045708
strip_6.png: -33.97046877601952
strip_60.png: 125.36246188706906
strip_61.png: 4.1446237411042945
strip_7.png: -39.22051417484409
strip_8.png: -38.65980825409009
strip_9.png: -27.512002623851455
