strip_0.png: -30.815705751729187
strip_1.png: -52.30575953331083
strip_10.png: 4.953257477842062
strip_11.png: -65.17544523081665
strip_2.png: -33.326289687115214
strip_3.png: -27.538823349575534
strip_4.png: -8.604481593092656
strip_5.png: 72.25532837494306
strip_6.png: 30.068582821862453
strip_7.png: 52.48088617952368
strip_8.png: 112.24902365721238
strip_9.png: 17.393322146912038
