strip_0.png: -48.957553114127855
strip_1.png: -38.53018001482683
strip_10.png: -36.32682595212023
strip_11.png: -41.66908261954995
strip_2.png: 0.0
strip_3.png: -32.24246783912333
strip_4.png: -46.3748347805694
strip_5.png: -46.13442163097701
strip_6.png: -34.76895655548177
strip_7.png: -38.47423552804889
strip_8.png: -35.45961819515736
strip_9.png: -29.577838681261333
