strip_0.png: -49.22818270516165
strip_1.png: -38.65980825409009
strip_10.png: -37.99873244250467
strip_11.png: -39.50767544287256
strip_12.png: -26.927677851040503
strip_13.png: 0.0
strip_14.png: -39.499588529798096
strip_15.png: -37.98349825527709
strip_16.png: -48.475232776730095
strip_17.png: -26.274212154727437
strip_18.png: -41.37851529588266
strip_19.png: -35.66160502376402
strip_2.png: -28.210169628815258
strip_20.png: -43.34996060442212
strip_21.png: -31.718368554308032
strip_22.png: -15.033258129388296
strip_23.png: -8.695502877424769
strip_24.png: -17.027207335047944
strip_25.png: -15.28330157314739
strip_26.png: -8.222813890574903
